14302016001
14307110120
15307110019
16302010006
16302010007
16302010008
16302010010
16302010011
16302010012
16302010016
16302010017
16302010026
16302010032
16302010035
16302010039
16302010046
16302010047
16302010049
16302010050
16302010051
16302010052
16302010054
16302010058
16302010059
16302010066
16302010068
16302010069
16302010070
16302010073
16302010075
16302010076
16302010077
16302010079
16302010080
16302010081
16302010083
16302016001
16302016002
16302016004
16307110325
16307130207
17212010075
17212010054
17212010072